       85 00 00 00 20 db 03 00
       b7 01 00 00 64 2e 0a 00
       63 1a f8 ff 00 00 00 00
       18 01 00 00 6f 6d 20 50 00 00 00 00 49 44 20 25
       7b 1a f0 ff 00 00 00 00
       18 01 00 00 77 72 69 74 00 00 00 00 65 20 66 72
       7b 1a e8 ff 00 00 00 00
       18 01 00 00 73 5f 65 6e 00 00 00 00 74 65 72 5f
       7b 1a e0 ff 00 00 00 00
       18 01 00 00 67 65 72 65 00 00 00 00 64 20 73 79
       7b 1a d8 ff 00 00 00 00
       18 01 00 00 42 50 46 20 00 00 00 00 74 72 69 67
       7b 1a d0 ff 00 00 00 00
       77 00 00 00 20 00 00 00
       bf a1 00 00 00 00 00 00
       07 01 00 00 d0 ff ff ff
       b7 02 00 00 2c 00 00 00
       bf 03 00 00 00 00 00 00
       85 00 00 00 30 48 fe ff
       b7 00 00 00 00 00 00 00
       95 00 00 00 00 00 00 00